[header]
width=32
height=32
tilewidth=32
tileheight=32

[tilesets]
tileset=Test.png,32,32,0,0

[layer]
type=Tile Layer 1
data=
12,12,12,12,12,12,12,12,12,12,12,12,12,12,12,12,12,12,12,12,12,12,12,12,12,12,12,12,12,12,12,12,
12,12,12,12,12,28,28,28,28,28,28,28,28,28,28,28,28,28,28,28,28,28,28,28,28,28,28,12,12,12,12,12,
12,12,12,12,28,28,1,1,1,1,1,1,1,1,1,1,1,1,1,1,1,1,1,1,1,1,28,28,12,12,12,12,
12,12,12,12,28,1,1,1,1,1,1,1,1,1,1,1,1,1,1,1,1,1,1,1,1,1,1,28,12,12,12,12,
12,12,12,28,1,1,1,1,1,1,1,1,1,1,1,1,1,1,1,1,1,1,1,1,1,1,1,1,28,12,12,12,
12,12,12,28,1,1,1,1,1,1,3,3,1,1,1,1,1,1,1,1,3,3,1,1,1,1,1,1,28,12,12,12,
12,12,28,3,3,1,1,1,1,3,3,3,3,1,1,1,1,1,1,3,3,3,3,1,1,1,1,3,3,28,12,12,
12,12,28,3,3,1,1,1,3,3,3,3,3,3,3,3,3,3,3,3,3,3,3,3,1,1,1,3,3,28,12,12,
12,12,28,3,3,1,1,1,3,3,3,3,3,3,3,3,3,3,3,3,3,3,3,3,1,1,1,3,3,28,12,12,
12,12,28,3,3,1,1,1,3,3,12,12,12,3,3,3,3,3,3,12,12,12,3,3,1,1,1,3,3,28,12,12,
12,12,28,3,3,1,1,1,3,12,12,12,3,3,1,1,1,1,3,3,12,12,12,3,1,1,1,3,3,28,12,12,
12,12,28,3,3,1,1,1,3,12,12,3,3,1,1,1,1,1,1,3,3,12,12,3,1,1,1,3,3,28,12,12,
12,12,28,3,3,1,1,1,3,12,3,3,1,1,1,1,1,1,1,1,3,3,12,3,1,1,1,3,3,28,12,12,
12,12,28,3,3,1,1,1,3,3,3,1,1,1,12,12,12,12,1,1,1,3,3,3,1,1,1,3,3,28,12,12,
12,12,28,3,3,1,1,1,3,3,3,1,1,1,12,12,12,12,1,1,1,3,3,3,1,1,1,3,3,28,12,12,
12,12,28,3,3,1,1,1,3,3,3,1,1,1,12,12,12,12,1,1,1,3,3,3,1,1,1,3,3,28,12,12,
12,12,28,3,3,1,1,1,3,3,3,1,1,1,12,12,12,12,1,1,1,3,3,3,1,1,1,3,3,28,12,12,
12,12,28,3,3,1,1,1,3,3,3,1,1,1,12,12,12,12,1,1,1,3,3,3,1,1,1,3,3,28,12,12,
12,12,28,3,3,1,1,1,3,3,3,1,1,1,12,12,12,12,1,1,1,3,3,3,1,1,1,3,3,28,12,12,
12,12,28,3,3,1,1,1,3,12,3,3,1,1,1,1,1,1,1,1,3,3,12,3,1,1,1,3,3,28,12,12,
12,12,28,3,3,1,1,1,3,12,12,3,3,1,1,1,1,1,1,3,3,12,12,3,1,1,1,3,3,28,12,12,
12,12,28,3,3,1,1,1,3,12,12,12,3,3,1,1,1,1,3,3,12,12,12,3,1,1,1,3,3,28,12,12,
12,12,28,3,3,1,1,1,3,3,12,12,12,3,3,3,3,3,3,12,12,12,3,3,1,1,1,3,3,28,12,12,
12,12,28,3,3,1,1,1,3,3,3,3,3,3,3,3,3,3,3,3,3,3,3,3,1,1,1,3,3,28,12,12,
12,12,28,3,3,1,1,1,3,3,3,3,3,3,3,3,3,3,3,3,3,3,3,3,1,1,1,3,3,28,12,12,
12,12,28,3,3,1,1,1,1,3,3,3,3,1,1,1,1,1,1,3,3,3,3,1,1,1,1,3,3,28,12,12,
12,12,12,28,1,1,1,1,1,1,3,3,1,1,1,1,1,1,1,1,3,3,1,1,1,1,1,1,28,12,12,12,
12,12,12,28,1,1,1,1,1,1,1,1,1,1,1,1,1,1,1,1,1,1,1,1,1,1,1,1,28,12,12,12,
12,12,12,12,28,1,1,1,1,1,1,1,1,1,1,1,1,1,1,1,1,1,1,1,1,1,1,28,12,12,12,12,
12,12,12,12,28,28,1,1,1,1,1,1,1,1,1,1,1,1,1,1,1,1,1,1,1,1,28,28,12,12,12,12,
12,12,12,12,12,28,28,28,28,28,28,28,28,28,28,28,28,28,28,28,28,28,28,28,28,28,28,12,12,12,12,12,
12,12,12,12,12,12,12,12,12,12,12,12,12,12,12,12,12,12,12,12,12,12,12,12,12,12,12,12,12,12,12,12

[Object Layer]
# Infantry
type=p1_u1
location=9,13,0,0

[Object Layer]
# Mech
type=p1_u2
location=9,17,0,0

[Object Layer]
# Tank
type=p1_u3
location=10,15,0,0

[Object Layer]
# Tank
type=p2_u3
location=21,15,0,0

[Object Layer]
# Infantry
type=p2_u1
location=22,13,0,0

[Object Layer]
# Mech
type=p2_u2
location=22,17,0,0

