[header]
width=32
height=32
tilewidth=32
tileheight=32
orientation=orthogonal

[tilesets]
tileset=../Documents/Visual Studio 2013/Projects/gamelevel1/Test.png,32,32,0,0

[layer]
type=Tile Layer 1
data=
12,12,12,12,12,12,12,12,12,12,12,12,12,12,12,12,12,12,12,12,12,12,12,12,12,12,12,12,12,12,12,12,
12,1,1,1,1,1,1,1,1,1,1,1,1,1,1,1,1,1,1,1,1,1,1,1,1,1,1,1,1,1,1,12,
12,1,1,1,1,1,1,1,1,1,1,1,1,1,1,1,1,1,1,1,1,1,1,1,1,1,1,1,1,1,1,12,
12,1,1,1,1,12,12,12,12,12,12,12,12,12,12,12,12,12,12,12,12,12,12,12,12,12,12,1,1,1,1,12,
12,1,1,1,1,1,12,12,12,12,12,12,12,12,12,12,12,12,12,12,12,12,12,12,12,12,1,1,1,1,1,12,
12,1,1,12,1,1,1,12,12,12,12,12,12,12,12,12,12,12,12,12,12,12,12,12,12,1,1,1,12,1,1,12,
12,1,1,12,12,1,1,1,1,1,1,1,1,1,1,1,1,1,1,1,1,1,1,1,1,1,1,12,12,1,1,12,
12,1,1,12,12,12,1,1,1,1,1,1,1,1,1,1,1,1,1,1,1,1,1,1,1,1,12,12,12,1,1,12,
12,1,1,12,12,12,1,1,1,1,1,1,1,1,1,12,12,1,1,1,1,1,1,1,1,1,12,12,12,1,1,12,
12,1,1,12,12,12,1,1,1,1,1,1,1,1,12,12,12,12,1,1,1,1,1,1,1,1,12,12,12,1,1,12,
12,1,1,12,12,12,1,1,1,1,1,1,1,1,1,1,1,1,1,1,1,1,1,1,1,1,12,12,12,1,1,12,
12,1,1,12,12,12,1,1,1,1,1,1,12,12,12,1,1,12,12,12,1,1,1,1,1,1,12,12,12,1,1,12,
12,1,1,12,12,12,1,1,1,1,1,12,12,12,12,1,1,12,12,12,12,1,1,1,1,1,12,12,12,1,1,12,
12,1,1,12,12,12,1,1,1,1,1,12,12,12,12,1,1,12,12,12,12,1,1,1,1,1,12,12,12,1,1,12,
12,1,1,12,12,12,1,1,1,12,1,12,12,12,1,1,1,1,12,12,12,1,12,1,1,1,12,12,12,1,1,12,
12,1,1,12,12,12,1,1,12,12,1,1,1,1,1,3,3,1,1,1,1,1,12,12,1,1,12,12,12,1,1,12,
12,1,1,12,12,12,1,1,12,12,1,1,1,1,1,3,3,1,1,1,1,1,12,12,1,1,12,12,12,1,1,12,
12,1,1,12,12,12,1,1,1,12,1,12,12,12,1,1,1,1,12,12,12,1,12,1,1,1,12,12,12,1,1,12,
12,1,1,12,12,12,1,1,1,1,1,12,12,12,12,1,1,12,12,12,12,1,1,1,1,1,12,12,12,1,1,12,
12,1,1,12,12,12,1,1,1,1,1,12,12,12,12,1,1,12,12,12,12,1,1,1,1,1,12,12,12,1,1,12,
12,1,1,12,12,12,1,1,1,1,1,1,12,12,12,1,1,12,12,12,1,1,1,1,1,1,12,12,12,1,1,12,
12,1,1,12,12,12,1,1,1,1,1,1,1,1,1,1,1,1,1,1,1,1,1,1,1,1,12,12,12,1,1,12,
12,1,1,12,12,12,1,1,1,1,1,1,1,1,12,12,12,12,1,1,1,1,1,1,1,1,12,12,12,1,1,12,
12,1,1,12,12,12,1,1,1,1,1,1,1,1,1,12,12,1,1,1,1,1,1,1,1,1,12,12,12,1,1,12,
12,1,1,12,12,12,1,1,1,1,1,1,1,1,1,1,1,1,1,1,1,1,1,1,1,1,12,12,12,1,1,12,
12,1,1,12,12,1,1,1,1,1,1,1,1,1,1,1,1,1,1,1,1,1,1,1,1,1,1,12,12,1,1,12,
12,1,1,12,1,1,1,12,12,12,12,12,12,12,12,12,12,12,12,12,12,12,12,12,12,1,1,1,12,1,1,12,
12,1,1,1,1,1,12,12,12,12,12,12,12,12,12,12,12,12,12,12,12,12,12,12,12,12,1,1,1,1,1,12,
12,1,1,1,1,12,12,12,12,12,12,12,12,12,12,12,12,12,12,12,12,12,12,12,12,12,12,1,1,1,1,12,
12,1,1,1,1,1,1,1,1,1,1,1,1,1,1,1,1,1,1,1,1,1,1,1,1,1,1,1,1,1,1,12,
12,1,1,1,1,1,1,1,1,1,1,1,1,1,1,1,1,1,1,1,1,1,1,1,1,1,1,1,1,1,1,12,
12,12,12,12,12,12,12,12,12,12,12,12,12,12,12,12,12,12,12,12,12,12,12,12,12,12,12,12,12,12,12,12

[Object Layer]
# Infantry
type=p1_u1
location=2,2,0,0

[Object Layer]
# Mech
type=p1_u2
location=2,29,0,0

[Object Layer]
# Tank
type=p1_u3
location=21,16,0,0

[Object Layer]
# Tank
type=p2_u3
location=10,15,0,0

[Object Layer]
# Infantry
type=p2_u1
location=29,29,0,0

[Object Layer]
# Mech
type=p2_u2
location=29,2,0,0

