[header]
width=32
height=32
tilewidth=32
tileheight=32
orientation=orthogonal

[tilesets]
tileset=../Documents/Visual Studio 2013/Projects/gamelevel1/Test.png,32,32,0,0

[layer]
type=Tile Layer 1
data=
2,2,2,2,2,2,2,2,2,2,2,2,2,2,2,2,2,2,2,2,2,2,2,2,2,2,2,2,2,2,2,2,
2,28,28,28,28,28,28,28,28,28,28,28,28,28,28,28,28,28,28,28,28,28,28,28,28,28,28,28,28,28,28,2,
2,28,-1610612708,-1610612708,-1610612708,-1610612708,-1610612708,-1610612708,-1610612708,-1610612708,-1610612708,-1610612708,-1610612708,-1610612708,-1610612708,-1610612708,-1610612708,-1610612708,-1610612708,-1610612708,-1610612708,-1610612708,-1610612708,-1610612708,-1610612708,-1610612708,-1610612708,-1610612708,-1610612708,-1610612708,28,2,
2,28,28,-1610612708,-1610612708,-1610612708,-1610612708,-1610612708,-1610612708,-1610612708,-1610612708,-1610612708,-1610612708,-1610612708,-1610612708,-1610612708,-1610612708,-1610612708,-1610612708,-1610612708,-1610612708,-1610612708,-1610612708,-1610612708,-1610612708,-1610612708,-1610612708,-1610612708,-1610612708,28,28,2,
2,28,4,1,1,-1610612708,-1610612708,-1610612708,-1610612708,-1610612708,-1610612708,-1610612708,-1610612708,-1610612708,-1610612708,-1610612708,-1610612708,-1610612708,-1610612708,-1610612708,-1610612708,-1610612708,-1610612708,-1610612708,-1610612708,-1610612708,-1610612708,1,1,4,28,2,
2,28,4,1,1,1,1,-1610612708,-1610612708,-1610612708,-1610612708,-1610612708,-1610612708,-1610612708,-1610612708,-1610612708,-1610612708,-1610612708,-1610612708,-1610612708,-1610612708,-1610612708,-1610612708,-1610612708,-1610612708,1,1,1,1,4,28,2,
2,28,4,4,1,1,1,1,1,-1610612708,-1610612708,-1610612708,-1610612708,-1610612708,-1610612708,-1610612708,-1610612708,-1610612708,-1610612708,-1610612708,-1610612708,-1610612708,-1610612708,1,1,1,1,1,4,4,28,2,
2,28,4,4,1,1,1,1,1,1,1,-1610612708,-1610612708,-1610612708,-1610612708,-1610612708,-1610612708,-1610612708,-1610612708,-1610612708,-1610612708,1,1,1,1,1,1,1,4,4,28,2,
2,28,4,4,4,1,1,1,1,1,1,1,1,-1610612708,-1610612708,-1610612708,-1610612708,-1610612708,-1610612708,1,1,1,1,1,1,1,1,4,4,4,28,2,
2,28,4,4,4,1,1,1,1,1,1,1,1,1,1,-1610612708,-1610612708,1,1,1,1,1,1,1,1,1,1,4,4,4,28,2,
2,28,4,4,4,4,1,1,1,1,1,1,1,1,1,1,1,1,1,1,1,1,1,1,1,1,4,4,4,4,28,2,
2,28,4,4,4,4,1,1,1,1,1,1,1,1,1,1,1,1,1,1,1,1,1,1,1,1,4,4,4,4,28,2,
2,28,4,4,4,4,4,1,1,1,1,1,3,3,3,3,3,3,3,3,1,1,1,1,1,4,4,4,4,4,28,2,
2,28,4,4,4,4,4,1,1,1,1,1,3,12,12,12,12,12,12,3,1,1,1,1,1,4,4,4,4,4,28,2,
2,28,4,4,4,4,4,4,1,1,1,1,3,12,12,12,12,12,12,3,1,1,1,1,4,4,4,4,4,4,28,2,
2,28,4,4,4,4,4,4,4,1,1,1,3,1,1,1,1,1,1,3,1,1,1,4,4,4,4,4,4,4,28,2,
2,28,4,4,4,4,4,4,4,1,1,1,3,1,1,1,1,1,1,3,1,1,1,4,4,4,4,4,4,4,28,2,
2,28,4,4,4,4,4,4,1,1,1,1,3,12,12,12,12,12,12,3,1,1,1,1,4,4,4,4,4,4,28,2,
2,28,4,4,4,4,4,1,1,1,1,1,3,12,12,12,12,12,12,3,1,1,1,1,1,4,4,4,4,4,28,2,
2,28,4,4,4,4,4,1,1,1,1,1,3,3,3,3,3,3,3,3,1,1,1,1,1,4,4,4,4,4,28,2,
2,28,4,4,4,4,1,1,1,1,1,1,1,1,1,1,1,1,1,1,1,1,1,1,1,1,4,4,4,4,28,2,
2,28,4,4,4,4,1,1,1,1,1,1,1,1,1,1,1,1,1,1,1,1,1,1,1,1,4,4,4,4,28,2,
2,28,4,4,4,1,1,1,1,1,1,1,1,1,1,28,28,1,1,1,1,1,1,1,1,1,1,4,4,4,28,2,
2,28,4,4,4,1,1,1,1,1,1,1,1,28,28,28,28,28,28,1,1,1,1,1,1,1,1,4,4,4,28,2,
2,28,4,4,1,1,1,1,1,1,1,28,28,28,28,28,28,28,28,28,28,1,1,1,1,1,1,1,4,4,28,2,
2,28,4,4,1,1,1,1,1,28,28,28,28,28,28,28,28,28,28,28,28,28,28,1,1,1,1,1,4,4,28,2,
2,28,4,1,1,1,1,28,28,28,28,28,28,28,28,28,28,28,28,28,28,28,28,28,28,1,1,1,1,4,28,2,
2,28,4,1,1,28,28,28,28,28,28,28,28,28,28,28,28,28,28,28,28,28,28,28,28,28,28,1,1,4,28,2,
2,28,28,28,28,28,28,28,28,28,28,28,28,28,28,28,28,28,28,28,28,28,28,28,28,28,28,28,28,28,28,2,
2,28,28,28,28,28,28,28,28,28,28,28,28,28,28,28,28,28,28,28,28,28,28,28,28,28,28,28,28,28,28,2,
2,28,28,28,28,28,28,28,28,28,28,28,28,28,28,28,28,28,28,28,28,28,28,28,28,28,28,28,28,28,28,2,
2,2,2,2,2,2,2,2,2,2,2,2,2,2,2,2,2,2,2,2,2,2,2,2,2,2,2,2,2,2,2,2

[Object Layer]
# Infantry
type=p1_u1
location=12,15,0,0

[Object Layer]
# Mech
type=p1_u2
location=4,26,0,0

[Object Layer]
# Tank
type=p1_u3
location=4,5,0,0

[Object Layer]
# Tank
type=p2_u3
location=27,26,0,0

[Object Layer]
# Infantry
type=p2_u1
location=19,16,0,0

[Object Layer]
# Mech
type=p2_u2
location=27,5,0,0

